
#Street
Гаражи
80
4
-615;-185
-615;-446
-659;-442
-666;-185

#Street
Московский пр.
120
10
-613;-508
-615;-125
-570;644
-360;633
-385;434
-540;103
-565;-693
-601;-740
-645;-778
-691;-698


#Street
ул. Кривой без Ё
80
6
-406;705
-356;1038
29;968
-78;493
-170;503
-247;695


#Street
ул. Печкина
80
6
-343;690
-271;407
-386;162
-445;274
-359;446
-346;639


#Street
ул. И. Грозного
80
12
-1015;-986
-647;-787
-531;-693
-371;157
-304;307
-170;457
-130;408
-327;-74
-326;-451
-475;-751
-735;-922
-959;-1014



#Street
Ул.Стеклянная
80
7
-149;-56
-116;-444
-218;-944
-765;-1119
-1008;-1041
-311;-751
-208;-54


#Street
Ул. Асамблейная
80
6
-313;-179
-316;-118
-201;51
-142;-9
-207;-26
-283;-169


#Street
Ул.Ромашковое поле
80
8
-118;415
-50;443
1042;-480
1035;-996
924;-944
461;-384
362;-300
95;-110


#Street
Нафталиновый пр.
120
8
1027;-1008
937;-1152
289;-858
-103;-349
-125;-222
72;-127
424;-372
936;-972


#Street
ул. Васечкина
80
4
-146;-47
-134;-14
53;-33
66;-88



