#Street
Калинининский проспект
Kalininsky avenu
120
7
383;-71
405;-34
451;513
106;549
135;-143
197;-223
229;-203

#Street
пер. Красноармейский
Krasnoarmeiski lane
80
10
233;-242
224;-230
221;-202
281;-193
322;-193
382;-72
410;-81
409;-98
388;-167
349;-221

#Street
ул. Пионерская
Pionerskaya str.
80
11
204;-219
225;-231
257;-337
331;-382
342;-459
211;-513
210;-474
298;-445
305;-407
236;-369
206;-329

#Street
Tупичок им. Чебура
Impasse behalf of Чебур
80
6
180;-193
154;-180
168;-510
220;-477
222;-393
192;-364

#Street
ул. Вишневая
Vishnevaya str.
100
4
176;-504
205;-508
205;-598
174;-605

#Street
ул. Вишневая
Vishnevaya str.
100
8
167;-638
213;-629
228;-843
13;-950
-67;-734
-27;-703
55;-854
150;-803

#Street
Новотроицкое шоссе
Novotroitckoe higway
140
4
-44;-671
-37;-692
172;-631
164;-608

#Street
Новотроицкое шоссе
Novotroitckoe higway
140
11
224;-593
229;-621
504;-541
573;-367
510;-206
483;-90
411;-45
408;-84
472;-294
501;-414
445;-501

#Street
ул. Гоголя
Gogolya str.
100
4
-93;-678
-84;-710
-348;-781
-373;-761

#Street
Игнатьевское шоссе
Ignatievskoe higway
120
19
-315;-734
-342;-748
-382;-724
-405;-647
-482;-584
-413;-212
-227;-30
-263;203
-266;375
-239;436
-113;567
-43;555
-11;499
-51;490
-218;351
-166;-46
-361;-242
-415;-545
-328;-627

#Street
ул. Нестерова
Nesterova str.
80
6
-52;494
20;436
-33;325
-75;299
-141;311
-157;375

#Street
ул. Песочная
Pesochnaya str.
100
6
-11;492
-19;474
24;442
-15;84
23;71
53;461

#Street
ул. 50 лет Октября
50 let Oktryabrya str.
100
10
25;83
1;52
-14;-108
-47;-250
-28;-599
-69;-639
-88;-681
-64;-674
22;-626
53;66

#Street
ул. Загородная
Zagorodnaya str.
80
7
-175;-267
-75;-297
-14;-141
-3;-21
-11;95
-127;106
-181;-113

#Street
ул. Молодежная
Molodejnaya str.
80
8
-162;-528
-189;-535
-299;-291
-137;-272
-132;-311
-171;-342
-247;-353
-178;-510

#Street
ул. Удмуртская
Udmurtskaya str.
80
6
-67;-635
-83;-665
-184;-634
-216;-587
-187;-534
-168;-555

#Street
ул. Дачная
Dachnaya str.
60
7
-135;-316
-99;-289
-64;-385
-54;-529
-91;-580
-165;-554
-167;-521

#Street
Кафе
Cafe
40
4
-205;-390
-228;-400
-194;-475
-178;-465
