#Light
1
190
4
-149;491
-177;487
-199;555
-169;563


#Light
1
10
4
-175;473
-152;475
-149;410
-173;410

#Light
2
100
4
-152;476
-156;499
-136;502
-133;480

#Light
1
190
4
-169;364
-168;415
-147;415
-146;365

#Light
2
90
4
-148;344
-148;365
-129;365
-130;345

#Light
2
270
4
-171;365
-171;346
-215;345
-214;365

#Light
2
180
4
-173;177
-174;210
-151;211
-151;177

#Light
2
21
4
-147;158
-96;79
-128;66
-180;149

#Light
1
280
4
-169;152
-216;135
-224;172
-174;179