#Light
1
254
4
-28;550
-31;535
-125;568
-125;578

#Light
2
70
6
-20;548
-17;568
60;536
86;528
86;515
44;528

#Light
1
180
7
258;19
258;-20
255;-63
242;-152
233;-153
246;-44
248;19

#light
1
10
4
258;-190
287;-264
249;-271
233;-205

#Light
2
310
10
136;-207
158;-212
183;-209
204;-200
223;-186
227;-199
208;-212
183;-221
157;-223
130;-217

#Light
1
190
4
-156;499
-181;495
-190;528
-164;536

#Light
1
10
4
228;-196
256;-187
282;-260
250;-274

#Light
2
100
4
-152;476
-156;499
-136;502
-133;480

#Light
1
190
4
-169;364
-168;415
-147;415
-146;365

#Light
2
90
4
-148;344
-148;365
-129;365
-130;345

#Light
2
270
4
-171;365
-171;346
-215;345
-214;365

#Light
2
180
4
-173;177
-174;210
-151;211
-151;177

#Light
2
21
4
-147;158
-96;79
-128;66
-180;149

#Light
1
280
4
-169;152
-216;135
-224;172
-174;179