//axm.x * 4096, axm.y * 4096, axm.Zchar, axm.Heading, StreetID

ленинский
16912384, -8462336, 6, 219, 1
17481728, -3928064, 6, 219, 1
17694720, 151552, 7, 206, 1
16859136, 7098368, 4, 246, 1
15306752, 15962112, 0, 201, 1
15056896, 17399808, 0, 239, 1
13963264, 20447232, -1, 239, 1
11247616, 26267648, -5, 239, 1
3223552, 35434496, -3, 20, 1
-4734976, 37781504, 0, 20, 1
-8720384, 38961152, 0, 20, 1
-9691136, 37580800, -1, 140, 1
659456, 34553856, 0, 141, 1
10223616, 25014272, -4, 131, 1
14303232, 13819904, 0, 130, 1
15720448, 6664192, 4, 130, 1
15630336, -7778304, 6, 120, 1
14958592, -10752000, 7, 94, 1

покрышкина
16195584, -14815232, 7, 94, 16
18210816, -18370560, 6, 118, 16
20148224, -20340736, 4, 118, 16
21790720, -22474752, 4, 109, 16
23339008, -26226688, 0, 130, 16
23908352, -27615232, 0, 101, 16
25124864, -28131328, 1, 218, 16
22904832, -22646784, 3, 219, 16
19828736, -18477056, 5, 254, 16

эстакада-север
25317376, -30834688, -1, 122, 12
27082752, -31313920, 1, 239, 12
28803072, -32686080, 1, 232, 12
28225536, -33492992, 1, 198, 12

гоголя
5918720, -10211328, 25, 254, 9
2875392, -6533120, 38, 254, 9
1388544, -4730880, 44, 254, 9
-1437696, -1327104, 47, 254, 9
-3416064, 1622016, 47, 239, 9
-10108928, 14254080, 16, 223, 9
-11055104, 13606912, 18, 82, 9
-9494528, 7254016, 44, 103, 9
-7380992, 4468736, 48, 104, 9
-5099520, 1630208, 48, 135, 9
-1421312, -2818048, 48, 127, 9
1458176, -6295552, 43, 127, 9
4112384, -9498624, 33, 127, 9

богаткова
-13402112, 10768384, 32, 25, 15
-15233024, 9420800, 30, 36, 15
-17743872, 3067904, 5, 81, 15
-17035264, 5070848, 9, 208, 15
-14639104, 8695808, 30, 208, 15

вернадского
-12095488, 17240064, 6, 45, 8
-8351744, 19292160, 0, 242, 8
-17244160, 15069184, 24, 8, 8
-21245952, 14155776, 41, 54, 8
-29319168, 13905920, 57, 22, 8
-32587776, 15257600, 55, 22, 8
-37277696, 17195008, 46, 39, 8
-40833024, 24301568, 38, 208, 8
-41799680, 27906048, 37, 74, 8
-41771008, 24682496, 38, 74, 8
-41775104, 21680128, 39, 84, 8
-35872768, 15593472, 51, 154, 8
-31289344, 13705216, 58, 154, 8
-21643264, 12775424, 45, 154, 8
-18644992, 13664256, 31, 154, 8
-14262272, 14630912, 17, 174, 8

уральская
-39452672, 29175808, 31, 54, 18
-37081088, 29433856, 22, 186, 18
-36691968, 30633984, 20, 11, 18
-33918976, 30879744, 10, 11, 18
-33673216, 29904896, 10, 162, 18

превосходная
-30347264, 31391744, 7, 185, 6
-30892032, 29560832, 7, 139, 6
-31666176, 32698368, 7, 118, 6

титова
-29368320, 33800192, 7, 46, 11
-27205632, 33808384, 8, 11, 11
-25489408, 33685504, 7, 11, 11
-27717632, 32718848, 7, 150, 11

федоова
-25804800, 30093312, 7, 128, 4
-24698880, 26234880, 7, 128, 4
-23552000, 25759744, 7, 199, 4
-24453120, 28811264, 7, 247, 4

черемушки
-19460096, 23658496, 5, 13, 3
-16355328, 23662592, 2, 13, 3
-15101952, 24420352, 0, 13, 3
-13770752, 22593536, -1, 143, 3
-17457152, 22638592, 3, 143, 3

побельского
-9818112, 25612288, 0, 213, 2
-9846784, 28340224, 0, 213, 2
-10813440, 34123776, 0, 227, 2
-11976704, 34734080, 0, 85, 2
-10784768, 28311552, 0, 115, 2