#Street
ул. Локомотивная
120
4
-341;-754
173;-611
176;-628
-339;-775

#Street
ул. Локомотивная
120
4
210;-596
518;-510
530;-540
213;-624

#Street
ул. Киевская
120
10
468;-513
412;-79
313;-30
228;439
196;451
225;513
323;503
521;-84
593;-430
517;-499



#Street
ул. Солнечная
120
11
223;434
176;195
179;-92
232;-212
229;-239
362;-457
215;-509
183;-197
148;-183
143;250
192;448



#Street
ул. Дорожная
120
4
205;-462
172;-466
144;-188
180;-206



#Street
ул. Улиткины горы
120
5
235;-206
380;-66
407;-90
347;-223
234;-236



#Street
ул. Краснодарская
120
4
203;-469
203;-587
176;-592
171;-475


#Street
ул. Краснодарская
120
4
206;-631
241;-874
6;-984
-89;-713



#Street
пр-т Горный
120
7
-359;-749
-499;-578
-331;344
-186;348
-181;-73
-365;-326
-306;-726


#Street
Новороссийская набережная
120
6
-289;355
-107;610
104;474
46;76
-34;97
-187;360

#Street
ул. Парковая
120
7
46;67
28;-624
-60;-664
-89;-665
-36;-559
-42;-238
14;44

#Street
ул. Виноградная
120
10
3;46
-49;-243
-199;-361
-146;-579
-84;-629
-111;-664
-217;-616
-294;-289
-104;104
-15;87

#Street
Проектируемый проезд
120
4
-99;-285
-49;-543
-145;-561
-190;-363
