#Street
Гаражи
80
13
185;309
196;290
214;213
237;92
247;27
245;-29
240;-71
227;-68
229;-28
161;-23
121;203
195;227
175;307

#Street
Ленинский пр.
150
19
231;-198
228;-155
239;-69
245;-26
246;29
236;94
213;215
195;293
182;313
170;314
88;483
-180;565
-214;653
-132;680
190;529
320;210
356;15
283;-148
256;-187

#Street
ул. Побельского
100
10
-366;777
-299;770
-217;656
-177;565
-157;499
-149;457
-148;405
-144;366
-174;366
-369;756

#Street
ул. Новые Черемушки
100
6
17;324
-29;344
-622;344
-622;367
-30;363
28;341

#Street
ул. А. Федорова
100
4
-369;369
-410;501
-387;500
-344;369

#Street
Ул.Превосходная
100
4
-452;612
-459;516
-487;520
-476;618

#Street
Ул.Превосходная
100
5
-461;499
-473;371
-492;371
-484;456
-483;499

#Street
Ул.Превосходная
80
5
-470;341
-487;298
-509;244
-532;256
-497;342

#Street
Вернадского пр.
150
15
-129;279
-213;224
-395;177
-585;247
-629;268
-648;350
-671;574
-621;597
-622;519
-621;375
-623;337
-540;258
-398;204
-145;301
-127;301

#Street
ул. Гоголя
100
9
-151;265
-143;147
83;-145
224;-154
229;-199
142;-236
38;-118
-166;129
-171;253

#Street
Танкистов пер.
80
4
-130;346
-126;301
-154;307
-148;348

#Street
ул. Титова
100
6
-327;601
-325;503
-621;499
-621;519
-356;520
-351;602

#Street
Эстакада-Север
100
6
400;-571
270;-490
143;-391
164;-349
362;-431
445;-496


#Street
Эстакада-Юг
100
5
-251;35
-140;-127
-166;-146
-262;-79
-277;34

#Street
Ярославское шоссе
200
4
137;-393
-177;-152
-135;-121
166;-340


#Street
ул. Б.Богаткова
100
7
-171;157
-257;102
-251;37
-276;35
-286;117
-204;172
-173;179

#Street
ул. Покрышкина
100
5
360;-427
229;-199
261;-186
334;-305
404;-462

#Street
Кафе
60
4
-154;524
-101;536
-81;441
-139;437

#Street
ул. Уральская
100
4
-484;480
-485;453
-619;411
-617;474


