#Light
1
190
4
-149;491
-177;487
-199;555
-169;563


#Light
1
10
4
-175;473
-152;475
-149;410
-173;410

#Light
2
100
4
-152;476
-156;499
-136;502
-133;480

#Light
1
190
4
-169;361
-168;420
-147;420
-146;361

#Light
2
90
4
-148;344
-148;365
-129;365
-130;345

#Light
2
270
4
-165;365
-165;346
-240;345
-240;365

#Light
2
180
4
-173;174
-174;240
-151;241
-151;174

#Light
2
21
4
-147;160
-96;79
-128;66
-180;151

#Light
1
280
4
-169;152
-216;135
-224;172
-174;179

#Light
2
140
4
-161;281
-151;267
-127;284
-140;309

#Light
2
290
6
-170;254
-178;267
-270;228
-266;213
-210;210
-201;232

#Light
1
360
4
-154;262
-170;255
-170;190
-152;190