#Light
1
220
5
202;-222
223;-202
181;-145
157;-144
158;-178

#Light
2
0
4
232;-236
198;-235
200;-338
244;-334

#Light
1
95
5
228;-236
234;-208
275;-198
318;-199
319;-221





#Light
1
340
4
381;-164
359;-154
387;-69
415;-82

#Light
2
50
6
403;-79
405;-58
416;-46
479;-85
498;-160
449;-172

#Light
2
245
4
401;-57
386;-71
296;-26
334;15






#Light
1
0
4
207;-515
183;-514
164;-606
224;-591

#Light
1
180
4
202;-490
183;-504
165;-336
210;-358

#Light
2
110
4
200;-485
206;-510
300;-482
287;-443






#Light
1
40
5
-7;492
-22;471
29;448
43;461
54;448

#Light
1
230
4
-12;497
-43;485
-99;518
-77;603

#Light
2
320
4
-42;496
-11;471
-76;397
-115;427
